# Wavelength [A]   Flux [scaled]
4970.0 1077.6009349009291
4990.0 982.817284325819
5010.0 891.7887553816132
5030.0 860.3936536971529
5050.0 894.1134651706469
5070.0 855.2689260063418
5090.0 847.1826589327171
5110.0 831.0348472006905
5130.0 830.2976768126986
5150.0 795.1129681699952
5170.0 746.2736373019744
5190.0 737.0566244172608
5210.0 835.2745163466316
5230.0 1011.8285525944692
5250.0 1261.7691513921027
5270.0 1285.4664344814262
5290.0 1175.613001810679
5310.0 1420.4901559881077
5330.0 1452.2815962215843
5350.0 1330.8887538990768
5370.0 1447.025323164322
5390.0 1423.136654582471
5410.0 1417.6611265422416
5430.0 1400.7789463877814
5450.0 1422.117893137376
5470.0 1479.8141731604608
5490.0 1561.18729815574
5510.0 1581.158572536613
5530.0 1582.3103602917395
5550.0 1678.6238536457952
5570.0 1695.3058485572851
5590.0 1640.53169199782
5610.0 1624.8195612195939
5630.0 1730.8702276636448
5650.0 1796.2741892408526
5670.0 1832.2174343238255
5690.0 1813.9806281580481
5710.0 1835.876495957701
5730.0 1822.2720799059641
5750.0 1941.1513503066665
5770.0 1943.4326491035583
5790.0 1954.6985670797028
5810.0 1928.3408725394413
5830.0 2010.0802070377629
5850.0 2048.986547305804
5870.0 2015.2321177264105
5890.0 1894.2829799349572
5910.0 1490.992447046442
5930.0 2007.286830459584
5950.0 2086.191526046043
5970.0 2116.727889324693
5990.0 2152.148044617075
6010.0 2154.0595355650717
6030.0 2149.8004093568575
6050.0 2200.1070002788406
6070.0 2236.7040228065407
6090.0 2225.2537647137005
6110.0 2204.8785616746463
6130.0 2196.670779401002
6150.0 2112.5024120084604
6170.0 2205.1273328878374
6190.0 2084.4324181251595
6210.0 2294.910352919554
6230.0 2295.832157086955
6250.0 2259.087551875986
6270.0 2235.23815129095
6290.0 2325.2796480909606
6310.0 2365.308411189602
6330.0 2336.8346403817764
6350.0 2382.389340847841
6370.0 2426.0305666753184
6390.0 2443.47791839307
6410.0 2459.827178300974
6430.0 2429.726897692869
6450.0 2446.975454762065
6470.0 2425.043463601439
6490.0 2427.1622331362496
6510.0 2433.397689678594
6530.0 2543.2812358354463
6550.0 2592.369154166894
6561.24755859375 2569.998303627745
6590.0 2527.418275121625
6610.0 2596.587645395359
6630.0 2645.9692969198068
6650.0 2663.847458704879
6670.0 2673.2658767207204
6690.0 2657.6316384028196
6710.0 2713.206182362009
6730.0 2672.273400876907
6750.0 2748.683675163716
6770.0 2726.774227740422
6790.0 2767.0801925589885
6810.0 2764.6112452861967
6830.0 2780.3467989723354
6850.0 2817.7942487048076
6870.0 2784.877195574739
6890.0 2815.347816074682
6910.0 2845.911353444028
6930.0 2852.990405048002
6950.0 2856.4300074771672
6970.0 2862.3466199239465
6990.0 2900.227983630464
7010.0 2878.869723327479
7030.0 2881.819425344455
7050.0 2922.0573036451387
7070.0 2947.5374577380835
7090.0 2930.8738988078426
7110.0 2937.382034778475
7130.0 2959.768562560959
7150.0 2936.563731967594
7170.0 2897.734129292923
7190.0 2979.071223555616
7210.0 2918.0981725224983
7230.0 2941.995802944629
7250.0 3030.108545353904
7270.0 3020.486580291044
7290.0 3057.5602637279144
7310.0 3039.573097007204
7330.0 3067.99576684517
7350.0 3049.4781503363597
7370.0 3068.156938521006
7390.0 3119.173706085209
7410.0 3093.4820202259593
7430.0 3057.838922024465
7450.0 3126.2982557269397
7470.0 3129.660924734195
7490.0 3162.249677333073
7510.0 3160.608735858796
7530.0 3182.094245127721
7550.0 3215.2167359570367
7570.0 3237.2914343170387
7590.0 3236.0313786326374
7610.0 3230.3727687712544
7630.0 3244.8790712445184
7650.0 3266.3530808058836
7670.0 3277.735346437301
7690.0 3150.3571931900087
7710.0 3284.412475424009
7730.0 3227.384728065141
7750.0 3291.519969682439
7770.0 3270.49859358892
7790.0 3342.921949725838
7810.0 3343.15424509586
7830.0 3354.410662039817
7850.0 3328.4231846640687
7870.0 3339.833662883073
7890.0 3389.100564530761
7910.0 3389.980137882853
7930.0 3364.1634252102867
7950.0 3351.4173743385186
7970.0 3332.4483476609057
7990.0 3412.4095488028925
8010.0 3418.2863362580533
8030.0 3408.6172970941966
8050.0 3422.2340140306405
8070.0 3414.440542690568
8090.0 3436.7742714693672
8110.0 3421.308668891386
8130.0 3450.165998323721
8150.0 3477.6034673929125
8170.0 3484.6115685117484
8190.0 3488.297261349618
8210.0 3358.8377626449637
8230.0 3432.5966532653065
8250.0 3459.3124336277983
8270.0 3487.6301501730454
8290.0 3526.154555024027
8310.0 3527.070484108269
8330.0 3502.0092790524736
8350.0 3432.6788680277855
8370.0 3495.632614269106
8390.0 3513.5296873440066
8410.0 3377.8752106132674
8430.0 3505.267309045001
8450.0 3454.854949016153
8470.0 3523.988393869111
8490.0 3510.4651279145965
8510.0 3513.0144026729677
8530.0 3398.4203586526514
8550.0 3490.7615432462735
8570.0 3166.0321697885174
8590.0 3509.0947027059924
8610.0 3575.4923101392224
8630.0 3567.6371571028876
8650.0 3588.3066487737765
8670.0 3592.4958664920714
8690.0 3234.7966762774895
8710.0 3381.5155075032085
8730.0 3572.8924834227405
8750.0 3616.9981562094226
8770.0 3610.4193003776495
8790.0 3620.6024354883434
8810.0 3630.9757177236243
8830.0 3548.4725914293995
8850.0 3551.8228246803988
8870.0 3618.260006473395
8890.0 3622.063778244992
8910.0 3664.6235757174195
8930.0 3685.814946940639
